1360
1306
6130
6013
0136
0613
1361
1316
6131
6113
1136
1613
1362
1326
6132
6213
2136
2613
1363
1336
6133
6313
3136
3613
1364
1346
6134
6413
4136
4613
1365
1356
6135
6513
5136
5613
1366
1366
6136
6613
6136
6613
1367
1376
6137
6713
7136
7613
1368
1386
6138
6813
8136
8613
1369
1396
6139
6913
9136
9613
1380
1308
8130
8013
0138
0813
1381
1318
8131
8113
1138
1813
1382
1328
8132
8213
2138
2813
1383
1338
8133
8313
3138
3813
1384
1348
8134
8413
4138
4813
1385
1358
8135
8513
5138
5813
1386
1368
8136
8613
6138
6813
1387
1378
8137
8713
7138
7813
1388
1388
8138
8813
8138
8813
1389
1398
8139
8913
9138
9813
1390
1309
9130
9013
0139
0913
1391
1319
9131
9113
1139
1913
1392
1329
9132
9213
2139
2913
1393
1339
9133
9313
3139
3913
1394
1349
9134
9413
4139
4913
1395
1359
9135
9513
5139
5913
1396
1369
9136
9613
6139
6913
1397
1379
9137
9713
7139
7913
1398
1389
9138
9813
8139
8913
1399
1399
9139
9913
9139
9913
