sat
a:
9 6 8 1 A 4 2 7 5 3 
2 1 A 7 4 8 3 9 6 5 
5 4 3 2 6 7 8 A 9 1 
1 A 9 3 7 5 6 2 4 8 
A 8 2 9 1 3 5 6 7 4 
4 7 6 8 9 2 1 5 3 A 
6 9 5 4 8 1 7 3 A 2 
8 5 7 A 3 6 4 1 2 9 
7 3 4 5 2 9 A 8 1 6 
3 2 1 6 5 A 9 4 8 7 
b:
2 8 3 1 5 9 6 A 4 7 
1 4 A 7 2 6 8 5 3 9 
8 2 6 A 4 5 7 9 1 3 
9 3 7 2 1 8 4 6 5 A 
6 5 9 4 3 2 A 1 7 8 
5 6 4 9 8 1 3 7 A 2 
3 1 8 6 A 7 9 4 2 5 
7 A 5 3 6 4 2 8 9 1 
A 9 1 8 7 3 5 2 6 4 
4 7 2 5 9 A 1 3 8 6 
c:
2 7 8 6 3 9 4 1 5 A 
9 5 6 7 4 A 2 8 3 1 
A 3 4 8 1 6 7 9 2 5 
7 2 9 1 8 3 A 5 6 4 
1 9 5 2 6 8 3 A 4 7 
4 1 2 5 A 7 9 6 8 3 
3 8 1 A 5 4 6 2 7 9 
8 6 A 3 7 5 1 4 9 2 
5 4 3 9 2 1 8 7 A 6 
6 A 7 4 9 2 5 3 1 8 
ab:
92 68 83 11 A5 49 26 7A 54 37 
21 14 AA 77 42 86 38 95 63 59 
58 42 36 2A 64 75 87 A9 91 13 
19 A3 97 32 71 58 64 26 45 8A 
A6 85 29 94 13 32 5A 61 77 48 
45 76 64 89 98 21 13 57 3A A2 
63 91 58 46 8A 17 79 34 A2 25 
87 5A 75 A3 36 64 42 18 29 91 
7A 39 41 58 27 93 A5 82 16 64 
34 27 12 65 59 AA 91 43 88 76 
bc:
22 87 38 16 53 99 64 A1 45 7A 
19 45 A6 77 24 6A 82 58 33 91 
8A 23 64 A8 41 56 77 99 12 35 
97 32 79 21 18 83 4A 65 56 A4 
61 59 95 42 36 28 A3 1A 74 87 
54 61 42 95 8A 17 39 76 A8 23 
33 18 81 6A A5 74 96 42 27 59 
78 A6 5A 33 67 45 21 84 99 12 
A5 94 13 89 72 31 58 27 6A 46 
46 7A 27 54 99 A2 15 33 81 68 
ac:
92 67 88 16 A3 49 24 71 55 3A 
29 15 A6 77 44 8A 32 98 63 51 
5A 43 34 28 61 76 87 A9 92 15 
17 A2 99 31 78 53 6A 25 46 84 
A1 89 25 92 16 38 53 6A 74 47 
44 71 62 85 9A 27 19 56 38 A3 
63 98 51 4A 85 14 76 32 A7 29 
88 56 7A A3 37 65 41 14 29 92 
75 34 43 59 22 91 A8 87 1A 66 
36 2A 17 64 59 A2 95 43 81 78 
