$ 1 0.000005 10.20027730826997 50 5 50
v 368 160 368 240 0 0 40 15 0 0 0.5
r 272 272 320 272 0 5000
w 128 272 128 240 0
w 128 160 128 112 0
w 368 272 368 240 0
w 368 160 368 112 0
w 240 272 272 272 0
370 368 272 320 272 1 0
x 400 211 412 214 4 10 15
x 150 213 156 216 4 10 5
v 128 160 128 240 0 0 40 5 0 0 0.5
370 208 272 240 272 1 0
r 128 272 208 272 0 2000
x 212 297 221 300 4 10 i1
x 265 293 274 296 4 10 i2
x 253 243 262 246 4 10 i3
370 240 272 240 208 1 0
r 240 208 240 160 0 1000
w 240 160 240 112 0
w 240 112 368 112 0
w 240 112 128 112 0
x 133 309 153 312 4 15 R1
x 326 311 346 314 4 15 R2
x 178 171 198 174 4 15 R3

