code table:
1 1 1 0 1 1 
1 1 1 1 1 1 
1 1 1 1 1 0 
1 1 1 1 0 0 
1 1 1 0 0 0 
0 1 1 0 0 0 
0 0 1 0 0 0 
0 0 0 0 0 0 
0 0 0 0 1 0 
0 0 1 0 1 0 
1 0 1 0 1 0 
1 0 1 0 1 1 
1 0 1 0 0 1 
1 0 1 0 0 0 
1 0 1 1 0 0 
0 0 1 1 0 0 
0 0 1 1 1 0 
0 0 0 1 1 0 
0 0 0 1 0 0 
0 0 0 1 0 1 
0 1 0 1 0 1 
1 1 0 1 0 1 
1 0 0 1 0 1 
1 0 0 1 0 0 
1 1 0 1 0 0 
1 1 0 0 0 0 
1 0 0 0 0 0 
1 0 0 0 1 0 
1 0 0 0 1 1 
1 1 0 0 1 1 
1 1 0 1 1 1 
1 1 0 1 1 0 
0 1 0 1 1 0 
0 1 1 1 1 0 
0 1 1 0 1 0 
1 1 1 0 1 0 
1 1 0 0 1 0 
0 1 0 0 1 0 
0 1 0 0 0 0 
0 1 0 1 0 0 
0 1 1 1 0 0 
0 1 1 1 0 1 
0 0 1 1 0 1 
0 0 1 1 1 1 
0 0 1 0 1 1 
0 0 0 0 1 1 
0 1 0 0 1 1 
0 1 0 0 0 1 
1 1 0 0 0 1 
1 0 0 0 0 1 
0 0 0 0 0 1 
0 0 1 0 0 1 
0 1 1 0 0 1 
0 1 1 0 1 1 
0 1 1 1 1 1 
0 1 0 1 1 1 
0 0 0 1 1 1 
1 0 0 1 1 1 
1 0 0 1 1 0 
1 0 1 1 1 0 
1 0 1 1 1 1 
1 0 1 1 0 1 
1 1 1 1 0 1 
1 1 1 0 0 1 
ch table:
0 0 0 1 0 0 
0 0 0 0 0 1 
0 0 0 0 1 0 
0 0 0 1 0 0 
1 0 0 0 0 0 
0 1 0 0 0 0 
0 0 1 0 0 0 
0 0 0 0 1 0 
0 0 1 0 0 0 
1 0 0 0 0 0 
0 0 0 0 0 1 
0 0 0 0 1 0 
0 0 0 0 0 1 
0 0 0 1 0 0 
1 0 0 0 0 0 
0 0 0 0 1 0 
0 0 1 0 0 0 
0 0 0 0 1 0 
0 0 0 0 0 1 
0 1 0 0 0 0 
1 0 0 0 0 0 
0 1 0 0 0 0 
0 0 0 0 0 1 
0 1 0 0 0 0 
0 0 0 1 0 0 
0 1 0 0 0 0 
0 0 0 0 1 0 
0 0 0 0 0 1 
0 1 0 0 0 0 
0 0 0 1 0 0 
0 0 0 0 0 1 
1 0 0 0 0 0 
0 0 1 0 0 0 
0 0 0 1 0 0 
1 0 0 0 0 0 
0 0 1 0 0 0 
1 0 0 0 0 0 
0 0 0 0 1 0 
0 0 0 1 0 0 
0 0 1 0 0 0 
0 0 0 0 0 1 
0 1 0 0 0 0 
0 0 0 0 1 0 
0 0 0 1 0 0 
0 0 1 0 0 0 
0 1 0 0 0 0 
0 0 0 0 1 0 
1 0 0 0 0 0 
0 1 0 0 0 0 
1 0 0 0 0 0 
0 0 1 0 0 0 
0 1 0 0 0 0 
0 0 0 0 1 0 
0 0 0 1 0 0 
0 0 1 0 0 0 
0 1 0 0 0 0 
1 0 0 0 0 0 
0 0 0 0 0 1 
0 0 1 0 0 0 
0 0 0 0 0 1 
0 0 0 0 1 0 
0 1 0 0 0 0 
0 0 0 1 0 0 
0 0 0 0 1 0 
stat (bit number: count of changes):  {0: 10, 1: 12, 2: 10, 3: 10, 4: 12, 5: 10}
